Source Target 
0      1     
0      4     
0      11    
0      38    
1      0     
1      20    
1      28    
4      0     
4      10    
4      21    
4      26    
4      32    
11     0     
11     21    
11     23    
11     48    
38     0     
38     2     
20     1     
20     2     
20     45    
28     1     
28     5     
10     4     
10     9     
21     4     
21     11    
21     34    
26     4     
26     48    
26     18    
32     4     
32     16    
23     11    
48     11    
48     26    
48     16    
48     33    
48     31    
2      38    
2      20    
2      34    
2      33    
2      6     
2      14    
45     20    
5      28    
9      10    
9      6     
9      46    
9      37    
9      30    
34     21    
34     2     
34     33    
18     26    
18     6     
18     24    
16     32    
16     48    
16     12    
33     48    
33     2     
33     34    
33     19    
33     47    
31     48    
31     3     
6      2     
6      9     
6      18    
6      44    
14     2     
46     9     
46     37    
46     24    
46     3     
46     44    
46     8     
37     9     
37     46    
30     9     
30     42    
24     18    
24     46    
12     16    
12     8     
12     27    
19     33    
19     43    
19     40    
47     33    
47     36    
3      31    
3      46    
44     6     
44     46    
43     19    
43     7     
43     35    
40     19    
36     47    
36     42    
8      46    
8      12    
8      13    
42     30    
42     36    
42     7     
7      43    
7      42    
7      15    
7      25    
35     43    
35     22    
13     8     
27     12    
15     7     
25     7     
22     35    
